2.767410378816544636e+01
3.907176595249735840e+01
5.500077706555222079e+01
5.758518334404963923e+01
4.397998307204248647e+01
2.677689461130119497e+01
6.298791641143247411e+00
-1.440009894901177390e+01
-3.997406247104377286e+01
-3.838660548360121538e+01
-4.171568833102411133e+01
-1.911011372010601761e+01
-3.426213014932315559e+00
2.116560326986420293e+01
4.396467402914715450e+01
5.759729250872479156e+01
6.628490587773684695e+01
5.262376285823390987e+01
3.958668964822199854e+01
6.156959447785919082e+00
-1.897016531838292508e+01
-3.011636855252440270e+01
-4.383349138245602461e+01
-3.749844970309457892e+01
-2.888945460276994481e+01
-8.217926436882470043e-01
1.621642807297453004e+01
4.104723550197476101e+01
5.205172942268240632e+01
6.078265507906253617e+01
4.351067453325303802e+01
3.157165060149574742e+01
1.317069762252345910e+01
-4.155130270911588042e+00
-2.224051519215569428e+01
-2.420361611222330822e+01
-1.929440512376564243e+01
-7.558037291456820128e+00
7.687317210665588263e+00
1.537692778027471796e+01
3.297268356997971495e+01
4.273161690092222642e+01
3.208228705043529772e+01
2.946067842821370419e+01
8.853316082407655330e+00
-4.275312746061006308e+00
-8.483147801238718699e+00
-1.933136753305635835e+01
-9.145667347568046779e+00
6.725448622956529121e-01
6.866740207195542567e+00
2.396173921707179844e+01
3.167463752041080483e+01
4.138108169974098871e+01
3.343306716576262261e+01
2.579319966791280905e+01
8.139856286714945099e+00
-1.416809980024706128e+01
-1.964872855075702418e+01
-2.838777180065008210e+01
-1.894875569221902367e+01
-9.055922610419614216e+00
1.181703568280167005e+01
2.825852495884777937e+01
4.186950558820485924e+01
5.669878927769654098e+01
5.473575259842817786e+01
4.590928080019619273e+01
2.501488408246198247e+01
2.111413230671854713e-01
-2.707740978558663869e+01
-3.528670521580031760e+01
-4.024359017837181085e+01
-3.821962471895589175e+01
-1.678651643196160492e+01
1.105612153109806961e+01
3.632859177216312219e+01
5.238469238686816709e+01
6.364134272848716023e+01
6.176638118749497863e+01
5.130502062728156432e+01
2.952052275596887299e+01
1.664066278391329590e+00
-2.266151605641833555e+01
-3.273863037280650445e+01
-4.371017156031027184e+01
-3.639611228201525961e+01
-2.086821539769395883e+01
3.124745850285377102e+00
2.533291622971563939e+01
4.221585165119319072e+01
5.555413700948199818e+01
5.578512366937627576e+01
4.425975211548454524e+01
2.705828777823232656e+01
2.734614624261709537e+00
-1.241673155536253148e+01
-2.282226593646907986e+01
-2.595510525061229501e+01
-1.883527871003390430e+01
-9.408143186998012553e+00
4.703019966040159261e+00
2.425117040645276489e+01
3.038069476402833757e+01
3.651315233386674208e+01
3.475076430378696557e+01
2.485998259303744717e+01
1.533384471548333750e+01
1.487862378033664612e+00
-1.002163151139942876e+01
-1.145410853822266439e+01
-1.485948837523801735e+01
3.674938725167260500e+00
1.054132886373450617e+01
2.648002720355557926e+01
3.892552191142628715e+01
3.936704726003772947e+01
3.085161240534480243e+01
2.100758106959881033e+01
2.969010409910923798e+00
-1.372150668214306890e+01
-2.754550813653732177e+01
-2.674556406262835395e+01
-2.368181039362242402e+01
-1.044817382797380212e+01
1.533413255928120122e+01
3.815350770120254964e+01
5.280851938656410738e+01
5.785262232840551633e+01
5.575877911946538745e+01
4.139826967308961514e+01
1.388279042151582843e+01
-1.060472826743807850e+01
-2.854440490092139981e+01
-3.738400588612715580e+01
-3.764950636212684287e+01
-3.521476619037878919e+01
-1.676729629566062485e+01
1.295630693569939318e+01
3.710077810986447844e+01
5.789679999912812036e+01
6.742660561959404220e+01
5.841657769933662081e+01
4.257042261487293899e+01
2.847299092073026117e+01
-9.841611670481826835e-01
-2.633300237441753922e+01
-4.020532495862645561e+01
-4.368542052842641255e+01
-3.674570321520538130e+01
-1.450536462939163584e+01
6.315888377221218875e+00
2.763829298847474547e+01
4.341698927601689206e+01
5.401972755353752831e+01
5.076470183848593365e+01
4.471326366724620271e+01
2.622158989579088484e+01
8.049247424353668023e+00
-1.235472911510516347e+01
-2.271693549958047598e+01
-3.121072231739984559e+01
-2.167057241550288538e+01
-3.816801169955428286e-01
1.472347407235310257e+01
2.226593875391579758e+01
3.425706190055755940e+01
3.460252168597661182e+01
3.533989434196668356e+01
2.389543988328703961e+01
6.659657678970437367e+00
-6.959367042118946856e+00
-1.595557447530960360e+01
-1.405724980793080725e+01
-5.629395037112269407e+00
5.434042199143840790e+00
1.972957586564092480e+01
3.510635269987006524e+01
3.825352703773801011e+01
3.887018223427981667e+01
3.115808476939187699e+01
1.416891889685542694e+01
-6.150021730501713080e+00
-2.139155307598767308e+01
-2.590015597042939888e+01
-2.775694321781196550e+01
-1.650583806689326494e+01
2.528224898049657554e+00
1.990882770047350903e+01
3.989450136911280254e+01
5.206556464610363832e+01
5.299102612399720869e+01
5.009667955571474351e+01
3.101286230995227200e+01
1.333411547627617999e+01
-8.118631515139693278e+00
-2.841620513644447499e+01
-3.671269176476241825e+01
-3.962700663984002603e+01
-2.423972724212610430e+01
-5.344630602802672215e+00
2.111604733588219318e+01
4.679096026265018793e+01
5.861134887191131781e+01
6.665084395006014972e+01
5.546236306416783890e+01
3.821008230700142860e+01
2.312958273515407370e+01
-7.629597562265580279e+00
-2.642429224058286152e+01
-4.216481411152309988e+01
-3.854591389838193294e+01
-3.514804034952884848e+01
-8.880206167098151582e+00
1.106752922746718326e+01
3.575463308606998680e+01
4.857831256048883972e+01
5.827585169977862734e+01
5.246069473396320859e+01
4.246331068799485564e+01
2.225267148531347061e+01
2.131367730744102573e-01
-1.709257816092600990e+01
-2.469498903140411272e+01
-2.427155169726840001e+01
-2.120578897175236932e+01
2.406623725735900443e+00
1.629541416440269685e+01
3.144849521548805171e+01
3.955287323859864301e+01
3.579011948195286408e+01
3.020299077578749092e+01
1.956195216681559401e+01
-9.808249276163785169e-01
-4.661421861503020736e+00
-1.587030612370604032e+01
-1.365734461522263388e+01
-2.887797395000748502e+00
1.042839955176719258e+01
1.742052902862287667e+01
3.073327961640130468e+01
4.153097605243097235e+01
3.713952723877062567e+01
2.289945800177900637e+01
1.499438508396222502e+01
-2.014706672780622654e+00
-1.805097494253629975e+01
-2.361685218768620231e+01
-2.368281185732160310e+01
-1.254483966552686702e+01
1.532002076596848283e+00
1.883066272080822046e+01
3.860792463392904494e+01
5.060676721737972628e+01
5.225141911546851503e+01
5.132998941905269419e+01
2.650606201856474797e+01
5.772703004707326002e+00
-1.420746389023048728e+01
-3.243818730986269827e+01
-3.766739311144313263e+01
-4.294706416906105773e+01
-2.352292036284672960e+01
7.431017088451863373e-01
2.792560884136453936e+01
4.467450298653198359e+01
6.299447817024194762e+01
6.775536480937634565e+01
5.917655569290742790e+01
3.533655294563738636e+01
1.316970327805365315e+01
-1.451293724637535831e+01
-3.422975873966502292e+01
-3.799879297950529633e+01
-4.498538603724443163e+01
-2.241893314480595478e+01
-1.134329169587441122e+01
1.878994827800336509e+01
3.761854058613198504e+01
5.478871090794834231e+01
5.538558720151979742e+01
4.506226306390945524e+01
3.194160448071242087e+01
1.667114612940073926e+01
-2.972738863799107456e+00
-2.250148159477508969e+01
-2.222224182414449700e+01
-2.336959644796876034e+01
-1.041485994574267693e+01
2.443630127445105771e+00
2.100223026996352971e+01
2.869870984412336412e+01
4.022772276044052120e+01
3.738844071720323825e+01
2.447695279167346527e+01
1.630235118379453851e+01
1.959147111937777908e+00
-1.227138869552317146e+01
-1.402890069060880407e+01
-1.467864585957026691e+01
-7.123652306028615655e+00
1.439446360731198027e+01
2.777687799899537779e+01
3.521734091725926419e+01
3.706499984001860071e+01
3.472377428955673651e+01
1.927990174181093508e+01
1.042787528280672404e+01
-9.481428845925901072e+00
-2.191770532882439326e+01
-2.910674990823052610e+01
-1.938494972751090373e+01
-1.516022527453451829e+01
8.913241522857987320e+00
2.737888703668837209e+01
4.894177502912977218e+01
5.875299607075194075e+01
5.243163689805156480e+01
4.346420659711959189e+01
2.116379081341506918e+01
2.340824169429822632e-02
-1.753962261966338332e+01
-3.228956434911886220e+01
-4.059215949029974269e+01
-4.083278396638745278e+01
-2.225793634671754972e+01
4.118497598995960907e+00
3.036124386976078782e+01
4.783773947355797418e+01
6.450879560908009580e+01
6.137727608230737530e+01
5.060988359737201847e+01
3.271715199466571278e+01
1.650433380474483513e+00
-1.540628969877829135e+01
-3.716356534395617217e+01
-3.771667902019662222e+01
-3.304131420416399578e+01
-2.703747188558695314e+01
3.300910145155368625e+00
2.206575840140827438e+01
3.842898434675820596e+01
5.071486317599521954e+01
5.483956101243003189e+01
4.391244743400773842e+01
2.841263545572533999e+01
1.063325627121574080e+01
-1.155202550491757485e+01
-2.299881050668169991e+01
-3.207268425350257246e+01
-2.477242052199777333e+01
-7.856205359181087644e+00
1.079589290920676703e+01
2.018594040564105541e+01
3.460853044758690089e+01
3.563044096663755056e+01
3.423443266415128505e+01
2.042893472912635389e+01
1.426212288835927389e+01
-2.149726447579711319e+00
-1.281248803580972329e+01
-1.478825530912796538e+01
-1.545907029276234113e+01
2.762100650622389963e-02
1.011979732144712152e+01
2.544245825935401939e+01
3.336914811148909621e+01
3.714040594628681191e+01
3.134752772017482059e+01
1.649164406726631071e+01
5.903822913891001889e+00
-7.459014599068514606e+00
-2.100006598790912804e+01
-2.535901695322097282e+01
-1.625801651953424454e+01
-4.084217010843264717e+00
1.472428486488148280e+01
3.646139520579632176e+01
4.636191460570465495e+01
6.026138473163620546e+01
4.917080661162496824e+01
3.663249614765416595e+01
1.881778420367206905e+01
-8.065913160887038913e+00
-2.638745322382609970e+01
-3.826870387426849618e+01
-4.568686479303038084e+01
-2.911821669155659364e+01
-1.651636909983661283e+01
1.436964770091352861e+01
3.578611935383335663e+01
5.695554828956390736e+01
6.633735322768259834e+01
6.661654621831229406e+01
5.026247749671232157e+01
2.660532548597879909e+01
1.202829571046851953e+00
-2.762095750910609837e+01
-4.153464135102102261e+01
-4.232889231144199016e+01
-3.871865993580353660e+01
-1.881649953438298795e+01
8.700466700476974680e+00
2.866277994917072647e+01
4.391935750476046962e+01
5.481311937304493398e+01
5.597962794534444697e+01
4.011597900802809136e+01
2.293362095574225989e+01
4.868825062162826178e+00
-1.532226242283352846e+01
-2.708724846843932355e+01
-3.121213446019556415e+01
-1.765746394205536163e+01
-1.153848727105787830e+01
9.242652931397437044e+00
2.939182229365652432e+01
3.124223930399997329e+01
3.566459523377463370e+01
3.376842846741021731e+01
2.096327926736222125e+01
7.827125869621497145e+00
-1.573153915537144343e-01
-1.402166721813408046e+01
-1.340965199796938201e+01
-5.812123773661166837e+00
-1.082116868208267135e-01
1.531586241945570315e+01
3.246560669910248720e+01
3.487274185786004921e+01
4.157654034975202251e+01
3.420517245512818505e+01
1.471026219680316416e+01
-2.013244169875887835e+00
-1.221121438286758654e+01
-2.283252894601656635e+01
-2.945678854935759006e+01
-1.682264646317644008e+01
-4.400314293220041861e+00
1.850687059252464195e+01
3.559274886038529928e+01
4.936567565297503535e+01
5.325783947621637537e+01
5.494317528300379649e+01
3.089991149428342965e+01
8.803573312806607376e+00
-5.679131850972340523e+00
-3.310941328234434877e+01
-4.171977820023054306e+01
-3.986460504737790700e+01
-2.705580770145751046e+01
-4.289704453249500560e+00
1.563053835960504401e+01
4.319799461378006811e+01
5.933358623013597111e+01
6.832710136838787207e+01
5.871291500463777879e+01
4.528417995048341282e+01
1.913126173348313586e+01
-6.069492672938396893e+00
-3.149869673588665009e+01
-4.094702984273538959e+01
-3.987263301764261314e+01
-3.037768412771814752e+01
-1.686972768503328979e+01
6.430842786011023549e+00
3.611928548933308747e+01
4.801322322867938652e+01
5.831036076121523593e+01
5.060389470413291235e+01
3.632686052874894500e+01
1.802286979313958426e+01
-2.267558370587233085e+00
-2.125217432236306081e+01
-2.914980295006180455e+01
-2.527802479878751640e+01
-1.557394782955748980e+01
-1.567837106174331474e+00
1.129651147227561658e+01
2.352167758615059867e+01
3.800218179866052282e+01
4.258145366897970518e+01
2.754441266880189332e+01
2.230509440810864419e+01
4.946741915251777755e-01
-8.139177301812205556e+00
-1.089686938090127910e+01
-1.625421831624206348e+01
-6.897704946892258882e+00
1.114352936576540998e+00
1.836111581362850842e+01
3.161067192492050992e+01
4.075312707615633911e+01
3.227241348808005483e+01
2.694634789270350339e+01
8.149922673955581232e+00
-7.068239184302886891e+00
-1.853755550987553846e+01
-2.700754845634730827e+01
-2.440500325233255197e+01
-1.305649013233347233e+01
-3.022972920283613973e+00
2.617301245655444575e+01
4.429266241489403910e+01
5.170045873780078693e+01
5.148533516214978789e+01
5.263591398229094409e+01
2.827434818789041771e+01
1.272979488910630508e+01
-1.993227200985813496e+01
-3.382204599564612835e+01
-4.471390861075249035e+01
-3.560898955599719073e+01
-2.816448812408187052e+01
-2.041451366416522362e+00
2.069202712212595330e+01
4.513630910526718054e+01
5.668273858469078874e+01
6.108210907199824646e+01
5.195751737502791912e+01
3.418875760078462633e+01
9.398865808629803809e+00
-9.511927148632370432e+00
-3.281926282050358878e+01
-4.027343990587726807e+01
-4.336983126175940839e+01
-3.113406669372356106e+01
-6.989339733997869786e+00
2.023701941109219860e+01
3.819107916840456340e+01
5.512644054726789022e+01
6.019817151229945296e+01
4.660389219122846072e+01
3.169926582341338062e+01
1.812532088648853446e+01
-4.230955535200616069e+00
-2.347394494092089801e+01
-3.069373268555525414e+01
-2.954408141235643726e+01
-1.709325422448390341e+01
2.656900031216457236e+00
1.484612214498316263e+01
3.302711041332261743e+01
3.920800583776802029e+01
4.096926710120533954e+01
3.359884579744002053e+01
2.008208909954158372e+01
1.362165384587295414e+00
-5.249396404118533255e+00
-1.465782207234431311e+01
-1.197240458168525379e+01
-6.280790776533376807e+00
1.318717227976195794e+01
2.554333163265516049e+01
2.946663766011158003e+01
4.008270973086393241e+01
3.895452339702747935e+01
2.576940035636999937e+01
5.200986315770450119e+00
-6.634278184368887388e+00
-1.995070653452834719e+01
-2.372814719017145535e+01
-1.944516964475355536e+01
-7.866567628415701563e+00
4.035933247729729167e+00
3.084083115570710021e+01
4.070950321937900895e+01
5.025106675365027087e+01
5.409520781915554011e+01
4.098165110617364348e+01
2.250087285000311255e+01
2.535889326672480237e-01
-1.572918268064034386e+01
-3.518837226258116146e+01
-4.227407975313075639e+01
-3.885704135418841076e+01
-2.173417928975797508e+01
6.390698761999837885e-01
2.373602022059595384e+01
4.596000086893020153e+01
6.566234569043311353e+01
6.769676518246866692e+01
5.508298125908186904e+01
3.805338380431306433e+01
7.506020714587674725e+00
-1.217856924678182118e+01
-3.120184829899898205e+01
-4.023067027839489640e+01
-4.301101523961743567e+01
-2.413870385875556224e+01
-2.610280083768460990e+00
2.315144814461542566e+01
4.239239191509399518e+01
5.183240959484353994e+01
5.490410370247759175e+01
4.666641706237651022e+01
3.527933018656658248e+01
6.838366165637438598e+00
-4.691622840500428993e+00
-2.355967111873655995e+01
-2.767402082464695212e+01
-2.045372457224156904e+01
-9.892107021494121355e+00
7.449725056388998290e+00
2.060879810659546862e+01
3.396791798964392228e+01
4.031830476264156715e+01
3.522824207605704316e+01
3.074973517820899360e+01
1.708087200607795353e+01
-4.823981088570777231e+00
-1.513391145182793274e+01
-1.439896537471261695e+01
-1.264581756792545875e+01
1.499292852023970113e-02
1.374663873937478442e+01
2.374012410990508926e+01
3.856866517130567473e+01
3.598412482359615439e+01
3.045655243255691857e+01
1.919332705246751658e+01
1.000393020954955858e+00
-8.590930899223678807e+00
-1.820502569715381114e+01
-2.810022734761493979e+01
-1.801189581130692829e+01
-1.239664320960993571e+01
1.014981347035926618e+01
2.649840457623892576e+01
4.938709822358964630e+01
5.599142498425307224e+01
4.934394655394787321e+01
4.590150451885738647e+01
1.621260081479042725e+01
-3.325332991934880411e+00
-2.775940821884268672e+01
-4.214218365004102651e+01
-4.448059311746840194e+01
-3.775896206902686458e+01
-1.699753388457496328e+01
1.190497557202852974e+01
3.310047802335019185e+01
5.327991582661115899e+01
5.922345310237025728e+01
6.364244313295511546e+01
5.342393663403377957e+01
3.072334444207015380e+01
-9.236430683698326760e-02
-2.550168262760927007e+01
-3.922841927630722836e+01
-4.311382823713481116e+01
-3.266332135861897257e+01
-1.946888112347512845e+01
6.583814662641914950e+00
2.477032250596841934e+01
4.807478895207202640e+01
5.479721285052485769e+01
5.040245679942949408e+01
4.780533598616993629e+01
2.353529178225136675e+01
1.996292780218015039e+00
-1.263796665293550348e+01
-2.297608582042921910e+01
-2.714983484388133306e+01
-1.858067573347710422e+01
-4.860822945188497002e+00
9.684864461768798449e+00
2.351478971617586922e+01
3.618556890928599756e+01
3.413847211318734054e+01
3.152824595067485092e+01
2.277808901299375322e+01
1.162835322544245820e+01
-1.698065355796366305e+00
-9.314775237344752767e+00
-1.443980325217978411e+01
-5.929135235465633258e+00
2.254673136478373863e+00
1.875107562252783566e+01
3.257628862707149153e+01
3.750237913303779891e+01
4.216520250902155453e+01
2.654452678264353693e+01
1.840769120801906666e+01
5.853468924418923081e+00
-1.774697912947730671e+01
-2.780502118411760648e+01
-2.916329480706155408e+01
-1.457311023674114914e+01
-8.877002826643979105e+00
1.297635373518712676e+01
3.131353291607241829e+01
4.943874494945883669e+01
5.513552464698811661e+01
4.997244373651698623e+01
4.030063286233974651e+01
1.594360065538262816e+01
-9.463482546686861951e+00
-3.266242419349163129e+01
-4.047272377287288236e+01
-3.720782263046500304e+01
-3.067506716034008463e+01
-8.033788990499481031e+00
1.349570143834548475e+01
4.190792679052938752e+01
5.680609185493524649e+01
6.110492048141969690e+01
6.253474605854672319e+01
4.737137701096490616e+01
2.372369519050882403e+01
-4.731341252194383173e-01
-2.865178263189133645e+01
-3.681134114956032732e+01
-3.800045240476784159e+01
-3.588742594697886545e+01
-1.636530865786525624e+01
1.258319729345099347e+01
3.349216871801182549e+01
4.578032367233749511e+01
5.517193617386134719e+01
5.025096684640761424e+01
4.359045925476059580e+01
2.050521867490871131e+01
-3.366505969239751650e+00
-1.960891899799241145e+01
-2.092085546274231689e+01
-2.571706892565806513e+01
-1.900451564104653812e+01
-2.640279877653235907e+00
1.251837628423036897e+01
2.481231147563210726e+01
4.128375782856346632e+01
4.184132237598985427e+01
3.209215748942383328e+01
1.914876914087179927e+01
5.548103552401538074e+00
-9.290043393381317571e+00
-1.623459155561845435e+01
-1.475282292336984113e+01
-1.146067744387760179e+01
5.281951045527653044e+00
2.022927479991015787e+01
3.079582572486826919e+01
3.407702768856329811e+01
3.691552707438137304e+01
2.338314871168775966e+01
1.814325632464857918e+01
-1.042558531313505732e+00
-1.599045498075228622e+01
-2.881999863175936838e+01
-2.449692218572215552e+01
-1.772387112016944499e+01
-3.701172645032663411e+00
2.218363448575336960e+01
3.682195015117797254e+01
5.100171977641598176e+01
5.815209144531144148e+01
4.586062578460245476e+01
3.055731470455616972e+01
6.516698137139352198e+00
-1.481495321107850494e+01
-2.919487153860259809e+01
-3.903052988423944925e+01
-3.658015014374787910e+01
-2.767741695676558322e+01
-5.456350046871280668e+00
2.373792149783692906e+01
4.345096017009911549e+01
5.546204390215404345e+01
6.624579850889685417e+01
5.895879195672889495e+01
4.510273028910325621e+01
1.524455389739403621e+01
-1.301639161320757054e+01
-2.715671683568977102e+01
-4.283896797258834965e+01
-4.319838702739343717e+01
-2.819700883931480462e+01
-7.351702609580528680e+00
9.142391158193186484e+00
4.046312223680221365e+01
4.769280457323550593e+01
5.765504847814968059e+01
5.267873345302056265e+01
3.365498592297895186e+01
1.389012148712015104e+01
-1.694527561972616780e+00
-1.634426477102559261e+01
-2.897790287991101010e+01
-2.490300855502719912e+01
-1.352743058895605444e+01
-2.769017707111925297e+00
1.946907794441451500e+01
2.687731914758508012e+01
3.467631357338404996e+01
3.858894419462846059e+01
2.938098026242217031e+01
1.370314257830906257e+01
3.849162091757871274e+00
-8.020116347648635013e+00
-1.195722283304299616e+01
-1.399769891506528552e+01
-8.853284023325393548e+00
9.206577554795748242e+00
2.304848945550160977e+01
2.980807338479613833e+01
3.958419673952195694e+01
3.385175216861848213e+01
2.643055441260780469e+01
7.398421785646607240e+00
-7.778242739546034734e+00
-2.266103452130537477e+01
-2.585196860492847293e+01
-2.335595719368771483e+01
-8.361668939056499994e+00
6.564773581879579822e+00
2.021748781863540501e+01
4.278306769803578646e+01
5.337829092277925014e+01
5.837555737645241294e+01
4.377193263193204587e+01
2.922682410727455249e+01
6.088665989873065953e+00
-2.120874680495914077e+01
-3.833717243670203345e+01
-3.845598692645890537e+01
-3.447878174819395269e+01
-2.733333900919984671e+01
-2.760135624540627219e-02
2.391090701255569684e+01
4.797846659831169092e+01
6.353982460750761874e+01
6.289238368673050417e+01
4.993946371107244886e+01
3.636171091370811581e+01
7.934780892792748119e+00
-1.122180515062697381e+01
-2.878704561104828485e+01
-4.052127991086045000e+01
-3.769222286171626024e+01
-2.372858328285189344e+01
-8.317668270395802921e+00
2.032858188955043133e+01
3.807502556691561324e+01
5.551251461812669419e+01
5.671583477146125318e+01
5.103733972470504909e+01
2.877256832463287850e+01
1.433442074157485102e+01
-2.531950106081612972e+00
-2.210506198726136162e+01
-2.608480186274418600e+01
-2.574162666970044100e+01
-1.456012640531405822e+01
3.994834290095586660e+00
1.689330787791752186e+01
3.073721527510064178e+01
3.932180495793686248e+01
3.663480366102665897e+01
2.547870657798062766e+01
1.765388869620002765e+01
2.747197477730606074e+00
-1.340347246206999898e+01
-1.421771456314687754e+01
-1.444496138889455850e+01
-6.993178270737757884e+00
1.359286558537542433e+01
2.628598970142061475e+01
3.819421084202573269e+01
3.440910311552499934e+01
3.148749352523085676e+01
1.942095731104568657e+01
9.243856816832499490e+00
-1.244390668741609929e+01
-1.781269618840781988e+01
-3.013495201624015252e+01
-2.311562097621374789e+01
-5.053842423113795945e+00
6.215200888378713984e+00
2.710046808156964460e+01
4.614370740990732145e+01
5.067348736409696386e+01
5.133851088226363402e+01
3.791048267788753634e+01
2.348935178306108185e+01
-2.459118039255496768e+00
-2.045083017711912277e+01
-3.502332319539061700e+01
-3.874597024852691618e+01
-3.681316879104853257e+01
-1.737627220732585087e+01
8.907141143711651665e+00
3.634465261446466400e+01
4.969792134712833587e+01
6.190735371979448587e+01
6.382522098341277683e+01
5.357907723164624514e+01
3.223780836106800507e+01
1.373337923673222605e+00
-2.129961340801969527e+01
-3.739941757655235932e+01
-4.687901258449818442e+01
-3.442640501453692536e+01
-2.065217090582530801e+01
-3.620247319407006614e+00
2.147759204117944165e+01
4.757645151369544578e+01
5.069502991247949097e+01
5.979231705400354713e+01
4.953120035892584383e+01
2.324909934275556722e+01
1.029085961932812765e+01
-7.789114761718019864e+00
-2.539322096611559587e+01
-3.006938006907938643e+01
-2.663243616998274987e+01
-1.200190713319335956e+01
1.137505963321670777e+01
2.184567687422320503e+01
3.067643715286284589e+01
3.761902351944678458e+01
3.600559684611818767e+01
2.112420581233732264e+01
1.018075392749787866e+01
-7.597573180807994930e+00
-8.582421856924252523e+00
-1.502829094484529548e+01
-1.261480891717222086e+01
-5.272072703980645869e-01
1.862002848546539724e+01
2.912414102123846149e+01
3.321690387454058424e+01
3.473385110860226632e+01
3.639198318895754625e+01
2.160769042053420463e+01
-1.063028184975722823e+00
-1.779470951965724623e+01
-2.779268892978455696e+01
-3.118292346084348310e+01
-2.070149657598745918e+01
-4.684686595421227118e+00
1.008050249786750463e+01
2.991564868703039082e+01
5.405050632438170766e+01
5.446092158513656756e+01
5.367956412526736898e+01
4.201168869371558401e+01
1.889150272025817756e+01
-5.803575328982368831e+00
-2.996354362919914038e+01
-3.658435822231975010e+01
-3.810169540761128815e+01
-3.220112940930171419e+01
-1.429922220520548315e+01
1.079960127454694785e+01
3.986641415623361695e+01
5.995021606350157839e+01
6.884187941924025722e+01
5.863681635664115532e+01
4.798191290341333115e+01
2.316476750394757644e+01
-3.797563346886284386e+00
-2.875867147706765792e+01
-3.987507111365783885e+01
-4.343202071257577757e+01
-3.279548826123360783e+01
-1.591458082975470489e+01
5.919321253598998744e+00
2.678551919859799568e+01
5.012814419610960925e+01
5.483995675849308782e+01
5.601300955465441689e+01
3.761948437854182714e+01
2.231311630505874533e+01
3.662777282049447081e+00
-1.012908992492135596e+01
-2.147073430179671050e+01
-3.020217460897533357e+01
-2.370327444450643384e+01
-7.647852486843747855e+00
1.589432980084839109e+01
3.140184634700293032e+01
3.526621496579571158e+01
3.784257877784482105e+01
2.822268967177924281e+01
1.821047714521785110e+01
3.882972081264121300e+00
-9.567774174436635803e+00
-1.718311632157065105e+01
-1.256254345944161699e+01
-3.762057447323471138e+00
2.033368212403463993e+00
1.861588312174507820e+01
3.181080647293649832e+01
4.238523870503306057e+01
3.561792407542498040e+01
2.787328442852579968e+01
1.945181868018838145e+01
-9.256462095417923308e-01
-1.948899576928987187e+01

