  ORIGINAL		  PREDICTED		  ERROR

39.0717659525		27.6539460859		11.4178198666
55.0007770656		39.083791962		15.9169851036
57.585183344		54.9344035174		2.65077982665
43.979983072		57.4301295594		-13.4501464874
26.7768946113		43.9724361018		-17.1955414905
6.29879164114		26.7722930862		-20.4735014451
-14.400098949		6.29853121098		-20.69863016
-39.974062471		-14.4046358015		-25.5694266695
-38.3866054836		-39.9079172862		1.52131180259
-41.715688331		-39.2732101269		-2.44247820411
-19.1101137201		-41.6286279151		22.518514195
-3.42621301493		-19.1194543716		15.6932413567
21.1656032699		-3.41540626538		24.5810095352
43.9646740291		21.1640075676		22.8006664615
57.5972925087		43.9511469649		13.6461455438
66.2849058777		57.5777603041		8.70714557363
52.6237628582		66.0511627987		-13.4273999405
39.5866896482		52.6255135899		-13.0388239417
6.15695944779		39.5689398012		-33.4119803534
-18.9701653184		6.16176992682		-25.1319352452
-30.1163685525		-18.9499164616		-11.166452091
-43.8334913825		-30.1246566522		-13.7088347302
-37.4984497031		-43.6207644095		6.12231470643
-28.8894546028		-37.4782410821		8.58878647933
-0.821792643688		-28.8630052434		28.0412125997
16.216428073		-0.832422968449		17.0488510414
41.047235502		16.225217083		24.822018419
52.0517294227		41.0267200269		11.0250093958
60.7826550791		52.0401061549		8.74254892414
43.5106745333		60.6083339176		-17.0976593843
31.5716506015		43.5230370409		-11.9513864394
13.1706976225		31.5578199068		-18.3871222843
-4.15513027091		13.1723817313		-17.3275120022
-22.2405151922		-4.15634154431		-18.0841736478
-24.2036161122		-22.1745192993		-2.02909681292
-19.2944051238		-23.640829779		4.34642465526
-7.55803729146		-19.2477415747		11.6897042833
7.68731721067		-7.54845143711		15.2357686478
15.3769277803		7.65959186587		7.7173359144
32.97268357		15.406407709		17.5662758609
42.7316169009		32.9522951139		9.77932178706
32.0822870504		42.4392876937		-10.3570006432
29.4606784282		32.1635396005		-2.70286117224
8.85331608241		29.4051166145		-20.5518005321
-4.27531274606		8.86624655645		-13.1415593025
-8.48314780124		-4.22076463364		-4.2623831676
-19.3313675331		-8.5381672854		-10.7932002477
-9.14566734757		-19.0469604822		9.90129313467
0.672544862296		-9.14750386218		9.82004872447
6.8667402072		0.64475066063		6.22198954657
23.9617392171		6.90420028733		17.0575389297
31.6746375204		23.9326371916		7.74200032876
41.3810816997		31.6877203228		9.69336137695
33.4330671658		41.0510467196		-7.61797955381
25.7931996679		33.4356032122		-7.64240354428
8.13985628671		25.7634494425		-17.6235931558
-14.1680998002		8.13405299066		-22.3021527909
-19.6487285508		-14.1292641499		-5.51946440085
-28.3877718007		-19.6804039045		-8.70736789616
-18.9487556922		-28.0591652859		9.1104095937
-9.05592261042		-18.9463274938		9.89040488342
11.8170356828		-9.03366683976		20.8507025226
28.2585249588		11.810700098		16.4478248608
41.8695055882		28.2522753644		13.6172302238
56.6987892777		41.8725161844		14.8262730933
54.7357525984		56.5693858109		-1.83363321252
45.9092808002		54.6318522593		-8.72257145905
25.0148840825		45.8833804908		-20.8684964084
0.211141323067		25.0111491829		-24.8000078598
-27.0774097856		0.209311341687		-27.2867211273
-35.2867052158		-27.0497874425		-8.23691777332
-40.2435901784		-35.2499287108		-4.99366146757
-38.219624719		-39.6816630942		1.46203837523
-16.786516432		-38.1621847282		21.3756682962
11.0561215311		-16.7812665773		27.8373881084
36.3285917722		11.0543009229		25.2742908492
52.3846923869		36.3179760643		16.0667163226
63.6413427285		52.3719560842		11.2693866443
61.7663811875		63.4608342969		-1.69445310943
51.3050206273		61.6692281389		-10.3642075116
29.520522756		51.2841009228		-21.7635781668
1.66406627839		29.5156191222		-27.8515528438
-22.6615160564		1.66665573028		-24.3281717867
-32.7386303728		-22.6387407087		-10.0998896641
-43.7101715603		-32.7426655703		-10.96750599
-36.396112282		-43.4172071979		7.02109491593
-20.8682153977		-36.3659278885		15.4977124908
3.12474585029		-20.8575392093		23.9822850596
25.3329162297		3.12307438978		22.2098418399
42.2158516512		25.3259893978		16.8898622534
55.5541370095		42.2081249809		13.3460120286
55.7851236694		55.4455394928		0.339584176591
44.2597521155		55.6497081066		-11.3899559912
27.0582877782		44.246172466		-17.1878846878
2.73461462426		27.0501071878		-24.3154925635
-12.4167315554		2.74617890022		-15.1629104556
-22.8222659365		-12.4023647118		-10.4199012247
-25.9551052506		-22.749871371		-3.20523387959
-18.83527871		-25.5525277775		6.71724906746
-9.408143187		-18.8185333861		9.41039019908
4.70301996604		-9.39145519019		14.0944751562
24.2511704065		4.71253514456		19.5386352619
30.380694764		24.2138634297		6.1668313343
36.5131523339		30.3807337809		6.13241855299
34.7507643038		36.1171597416		-1.36639543777
24.859982593		34.6477558668		-9.78777327379
15.3338447155		24.8619167297		-9.5280720142
1.48786237803		15.3182066002		-13.8303442222
-10.0216315114		1.49511045102		-11.5167419624
-11.4541085382		-9.92153368361		-1.53257485462
-14.8594883752		-11.6138428309		-3.24564554438
3.67493872517		-14.7467857539		18.421724479
10.5413288637		3.64114685759		6.90018200615
26.4800272036		10.5744692524		15.9055579512
38.9255219114		26.4713991324		12.4541227791
39.36704726		38.8133913713		0.553655888732
30.8516124053		39.1721833011		-8.32057089575
21.0075810696		30.8437429341		-9.83616186455
2.96901040991		20.9870901873		-18.0180797774
-13.7215066821		2.97124466282		-16.692751345
-27.5455081365		-13.7153677102		-13.8301404263
-26.7455640626		-27.4241035974		0.678539534774
-23.6818103936		-26.4734133094		2.79160291575
-10.448173828		-23.6140293474		13.1658555195
15.3341325593		-10.4322363125		25.7663688718
38.1535077012		15.3316269619		22.8218807393
52.8085193866		38.1420613847		14.6664580019
57.8526223284		52.7626269473		5.08999538114
55.7587791195		57.2968689122		-1.53808979272
41.3982696731		55.682328132		-14.2840584589
13.8827904215		41.3837440899		-27.5009536684
-10.6047282674		13.8850272512		-24.4897555187
-28.5444049009		-10.5975104627		-17.9468944383
-37.3840058861		-28.5199664256		-8.86403946051
-37.6495063621		-37.2243510119		-0.425155350275
-35.2147661904		-36.8927160689		1.67794987856
-16.7672962957		-35.1533601369		18.3860638412
12.9563069357		-16.7577517202		29.7140586559
37.1007781099		12.952475305		24.1483028048
57.8967999991		37.0974683603		20.7993316388
67.4266056196		57.8733766605		9.55322895913
58.4165776993		67.1037394388		-8.68716173948
42.5704226149		58.3949924529		-15.8245698381
28.4729909207		42.5743188936		-14.1013279728
-0.984161167048		28.4574418288		-29.4416029958
-26.3330023744		-0.981430778242		-25.3515715962
-40.2053249586		-26.3184953645		-13.8868295941
-43.6854205284		-40.1436693914		-3.54175113701
-36.7457032152		-43.2527023943		6.50699917914
-14.5053646294		-36.7127813782		22.2074167488
6.31588837722		-14.5068946639		20.8227830412
27.6382929885		6.31645268261		21.3218403059
43.416989276		27.6302976546		15.7866916214
54.0197275535		43.4023038381		10.6174237155
50.7647018385		53.7848530259		-3.02015118741
44.7132636672		50.7020138923		-5.98875022505
26.2215898958		44.6752172729		-18.4536273771
8.04924742435		26.2220649908		-18.1728175664
-12.3547291151		8.04625152507		-20.4009806402
-22.7169354996		-12.3342392692		-10.3826962303
-31.2107223174		-22.7064597162		-8.50426260117
-21.6705724155		-30.8813428662		9.21077045065
-0.381680116996		-21.6469910003		21.2653108833
14.7234740724		-0.390928399009		15.1144024714
22.2659387539		14.6950418077		7.57089694618
34.2570619006		22.2888606544		11.9682012462
34.602521686		34.139070456		0.463451230024
35.339894342		34.7331593095		0.606735032466
23.8954398833		35.1914325524		-11.2959926692
6.65965767897		23.8815474062		-17.2218897272
-6.95936704212		6.66722111541		-13.6265881575
-15.9555744753		-6.94153802143		-9.01403645388
-14.0572498079		-15.7133218148		1.65607200685
-5.62939503711		-13.949182193		8.31978715591
5.43404219914		-5.61560433117		11.0496465303
19.7295758656		5.44404002969		14.285535836
35.1063526999		19.732030905		15.3743217949
38.2535270377		35.044114137		3.20941290076
38.8701822343		37.9430514497		0.927130784548
31.1580847694		38.6434508203		-7.48536605093
14.1689188969		31.1290413079		-16.9601224111
-6.1500217305		14.1641470465		-20.314168777
-21.391553076		-6.14204553437		-15.2495075416
-25.9001559704		-21.3414537974		-4.55870217308
-27.7569432178		-25.7764192719		-1.98052394592
-16.5058380669		-27.5767975621		11.0709594953
2.52822489805		-16.4892323491		19.0174572472
19.9088277005		2.52573275648		17.383094944
39.8945013691		19.9125532199		19.9819481492
52.0655646461		39.8796786773		12.1858859688
52.991026124		51.9603049595		1.03072116447
50.0966795557		52.1169434746		-2.0202639189
31.01286231		50.0399148284		-19.0270525184
13.3341154763		31.0149405948		-17.6808251186
-8.11863151514		13.3292014824		-21.4478329975
-28.4162051364		-8.11730642103		-20.2988987154
-36.7126917648		-28.3884771206		-8.32421464413
-39.6270066398		-36.6331550202		-2.99385161964
-24.2397272421		-39.4900311132		15.250303871
-5.3446306028		-24.2337786783		18.8891480755
21.1160473359		-5.3373427809		26.4533901168
46.7909602627		21.1154692116		25.675491051
58.6113488719		46.7721090341		11.8392398379
66.6508439501		58.592405572		8.05843837805
55.4623630642		66.362036872		-10.8996738078
38.210082307		55.4475937239		-17.2375114169
23.1295827352		38.2142309619		-15.0846482267
-7.62959756227		23.1152198169		-30.7448173792
-26.4242922406		-7.62003860242		-18.8042536382
-42.1648141115		-26.4191840334		-15.7456300781
-38.5459138984		-42.0223935739		3.47647967547
-35.1480403495		-38.5548893457		3.40684899613
-8.8802061671		-35.1046602719		26.2244541048
11.0675292275		-8.88608753517		19.9536167626
35.7546330861		11.072269174		24.6823639121
48.5783125605		35.7383144493		12.8399981112
58.2758516998		48.5660643031		9.70978739672
52.460694734		57.950253888		-5.48955915401
42.463310688		52.4280040748		-9.96469338683
22.2526714853		42.4417476973		-20.189076212
0.213136773074		22.2506236703		-22.0374868973
-17.0925781609		0.219223258353		-17.3118014193
-24.6949890314		-17.0628042656		-7.6321847658
-24.2715516973		-24.4751301085		0.203578411232
-21.2057889718		-23.9071385503		2.70134957855
2.40662372574		-21.1575826707		23.5642063964
16.2954141644		2.39309856218		13.9023156022
31.4484952155		16.2984102447		15.1500849708
39.5528732386		31.4232070643		8.12966617429
35.790119482		39.1921297953		-3.4020103133
30.2029907758		35.7489045243		-5.54591374852
19.5619521668		30.1658115509		-10.6038593841
-0.980824927616		19.5422494071		-20.5230743348
-4.6614218615		-0.931343037372		-3.73007882413
-15.8703061237		-4.72400417036		-11.1463019533
-13.6573446152		-15.6798919415		2.02254732626
-2.887797395		-13.5686526253		10.6808552303
10.4283995518		-2.87905030294		13.3074498547
17.4205290286		10.3986923158		7.02183671287
30.7332796164		17.4502308532		13.2830487632
41.5309760524		30.7246578864		10.806318166
37.1395272388		41.2734093382		-4.13388209945
22.8994580018		37.0876193463		-14.1881613445
14.994385084		22.9246076188		-7.93022253489
-2.01470667278		14.9663011397		-16.9810078125
-18.0509749425		-2.01292545253		-16.03804949
-23.6168521877		-18.0093593619		-5.60749282574
-23.6828118573		-23.3537021282		-0.329109729098
-12.5448396655		-23.5465376392		11.0016979737
1.5320020766		-12.5356365129		14.0676385895
18.8306627208		1.53852475498		17.2921379658
38.6079246339		18.8342635808		19.7736610532
50.6067672174		38.5928192756		12.0139479418
52.2514191155		50.5134363442		1.73798277125
51.3299894191		51.396058584		-0.0660691649143
26.5060620186		51.273963555		-24.7679015364
5.77270300471		26.5099932843		-20.7372902796
-14.2074638902		5.77361168015		-19.9810755704
-32.4381873099		-14.205069184		-18.2331181259
-37.6673931114		-32.3953285619		-5.27206454954
-42.9470641691		-37.668307028		-5.27875714109
-23.5229203628		-42.8246141646		19.3016938017
0.743101708845		-23.5178679115		24.2609696204
27.9256088414		0.745303007035		27.1803058343
44.6745029865		27.9149961648		16.7595068217
62.9944781702		44.677056244		18.3174219263
67.7553648094		62.9488253762		4.8065394332
59.1765556929		67.3943072977		-8.21775160479
35.3365529456		59.1495115607		-23.8129586151
13.1697032781		35.338133208		-22.16842993
-14.5129372464		13.1652820026		-27.678219249
-34.2297587397		-14.5059122823		-19.7238464574
-37.9987929795		-34.1796370508		-3.81915592866
-44.9853860372		-38.0528085863		-6.93257745093
-22.4189331448		-44.8746713504		22.4557382055
-11.3432916959		-22.4384786082		11.0951869124
18.789948278		-11.3223404842		30.1122887622
37.6185405861		18.7806816393		18.8378589468
54.7887109079		37.6159829264		17.1727279815
55.3855872015		54.7073148515		0.678272349974
45.0622630639		55.2230286379		-10.160765574
31.9416044807		45.0521319913		-13.1105275106
16.6711461294		31.9362805326		-15.2651344032
-2.9727388638		16.664008096		-19.6367469598
-22.5014815948		-2.97258879234		-19.5288928024
-22.2222418241		-22.4224596663		0.200217842108
-23.369596448		-22.697773289		-0.671823159006
-10.4148599457		-23.2324858786		12.8176259329
2.44363012745		-10.4151488328		12.8587789602
21.00223027		2.45505475085		18.5471755191
28.6987098441		20.9724162171		7.72629362703
40.2277227604		28.7191764558		11.5085463047
37.3884407172		40.0286157853		-2.6401750681
24.4769527917		37.3169821035		-12.8400293118
16.3023511838		24.497907712		-8.19555652825
1.95914711194		16.2786137136		-14.3194666017
-12.2713886955		1.9594231031		-14.2308117986
-14.0289006906		-12.1902571231		-1.83864356753
-14.6786458596		-13.6717832748		-1.00686258481
-7.12365230603		-14.4446316073		7.32097930131
14.3944636073		-7.0929720577		21.487435665
27.776877999		14.3813426745		13.3955353245
35.2173409173		27.7501942548		7.46714666242
37.06499984		35.101662466		1.96333737401
34.7237742896		35.68991021		-0.966135920439
19.2799017418		34.6536196531		-15.3737179113
10.4278752828		19.301701081		-8.87382579821
-9.48142884593		10.4023967628		-19.8838256087
-21.9177053288		-9.46739304023		-12.4503122886
-29.1067499082		-21.8910919946		-7.21565791367
-19.3849497275		-28.7743186721		9.38936894458
-15.1602252745		-19.4386903188		4.27846504426
8.91324152286		-15.1176365165		24.0308780394
27.3788870367		8.9070792804		18.4718077563
48.9417750291		27.3827453723		21.5590296569
58.7529960708		48.9189644217		9.83403164909
52.4316368981		58.426863053		-5.99522615494
43.4642065971		52.4092202585		-8.94501366138
21.1637908134		43.4384904363		-22.2746996228
0.0234082416943		21.1650199541		-21.1416117124
-17.5396226197		0.0281709950159		-17.5677936147
-32.2895643491		-17.5342478003		-14.7553165488
-40.5921594903		-32.2659163179		-8.32624317235
-40.8327839664		-40.4218092794		-0.410974686965
-22.2579363467		-40.7499239957		18.491987649
4.118497599		-22.2502911279		26.3687887269
30.3612438698		4.11840103121		26.2428428386
47.8377394736		30.3521924441		17.4855470295
64.5087956091		47.8363582524		16.6724373567
61.3772760823		64.3826778294		-3.00540174712
50.6098835974		61.3054480069		-10.6955644095
32.7171519947		50.5928846317		-17.8757326371
1.65043338047		32.7064190937		-31.0559857132
-15.4062896988		1.66220009684		-17.0684897956
-37.163565344		-15.4124995921		-21.7510657518
-37.7166790202		-37.0980825685		-0.618596451719
-33.0413142042		-37.3161104167		4.27479621256
-27.0374718856		-33.0181364313		5.98066454568
3.30091014516		-27.0054136774		30.3063238225
22.0657584014		3.29148458418		18.7742738172
38.4289843468		22.0618719799		16.3671123668
50.714863176		38.4191155727		12.2957476033
54.8395610124		50.6588704571		4.18069055534
43.912447434		54.5923883308		-10.6799408968
28.4126354557		43.8994817182		-15.4868462625
10.6332562712		28.4085253011		-17.7752690299
-11.5520255049		10.6277614102		-22.1797869151
-22.9988105067		-11.5336621057		-11.465148401
-32.0726842535		-22.9875903874		-9.08509386606
-24.772420522		-31.718711933		6.94629141096
-7.85620535918		-24.7412636317		16.8850582725
10.7958929092		-7.85346328464		18.6493561939
20.1859404056		10.7731627547		9.41277765091
34.6085304476		20.2034301836		14.405100264
35.6304409666		34.5187111531		1.11172981351
34.2344326642		34.8244680261		-0.590035361974
20.4289347291		34.1465522381		-13.717617509
14.2621228884		20.4654535001		-6.20333061174
-2.14972644758		14.2245114361		-16.3742378836
-12.8124880358		-2.13427298849		-10.6782150473
-14.7882553091		-12.7185172032		-2.0697381059
-15.4590702928		-14.4435783615		-1.01549193129
0.0276210065062		-15.3536489102		15.3812699167
10.1197973214		0.0113719469472		10.1084253745
25.4424582594		10.1357674555		15.3066908038
33.3691481115		25.4159857322		7.95316237933
37.1404059463		33.3108662796		3.82953966673
31.3475277202		36.5872115478		-5.23968382764
16.4916440673		31.3075806525		-14.8159365852
5.90382291389		16.5047071474		-10.6008842335
-7.45901459907		5.89419080089		-13.3532054
-21.0000659879		-7.45950701834		-13.5405589696
-25.3590169532		-20.9473730845		-4.41164386869
-16.2580165195		-25.0341999298		8.77618341029
-4.08421701084		-16.2445323661		12.1603153552
14.7242848649		-4.07060144521		18.7948863101
36.4613952058		14.7278415792		21.7335536266
46.3619146057		36.4387985564		9.9231160493
60.2613847316		46.3759025745		13.8854821571
49.1708066116		60.0300568458		-10.8592502342
36.6324961477		49.1656271027		-12.5331309551
18.8177842037		36.6211561944		-17.8033719907
-8.06591316089		18.8088287877		-26.8747419486
-26.3874532238		-8.05763234568		-18.3298208781
-38.2687038743		-26.3735438273		-11.8951600469
-45.686864793		-38.2451585975		-7.44170619548
-29.1182166916		-45.5127447827		16.3945280911
-16.5163690998		-29.1274831527		12.6111140528
14.3696477009		-16.4981089546		30.8677566555
35.7861193538		14.3627992128		21.4233201411
56.9555482896		35.7858469172		21.1697013724
66.3373532277		56.9314843982		9.40586882947
66.6165462183		66.1868396895		0.429706528857
50.2624774967		66.5216680078		-16.2591905111
26.605325486		50.2534539704		-23.6481284844
1.20282957105		26.6038757832		-25.4010462122
-27.6209575091		1.20050563338		-28.8214631425
-41.534641351		-27.6052675782		-13.9293737728
-42.3288923114		-41.4387728839		-0.890119427584
-38.7186599358		-41.7169988481		2.99833891231
-18.8164995344		-38.6678515206		19.8513519862
8.70046670048		-18.8097842479		27.5102509483
28.6627799492		8.69382029899		19.9689596502
43.9193575048		28.6552372047		15.2641203001
54.813119373		43.9067150513		10.9064043217
55.9796279453		54.7032006603		1.27642728504
40.115979008		55.8706981537		-15.7547191457
22.9336209557		40.1135651565		-17.1799442007
4.86882506216		22.9322006715		-18.0633756093
-15.3222624228		4.86592231395		-20.1881847368
-27.0872484684		-15.3061337063		-11.7811147622
-31.2121344602		-27.0310599163		-4.18107454393
-17.6574639421		-31.0290307359		13.3715667938
-11.5384872711		-17.6941397472		6.15565247619
9.2426529314		-11.5016141248		20.7442670562
29.3918222937		9.24189853003		20.1499237636
31.242239304		29.3303754923		1.91186381166
35.6645952338		31.3660311549		4.29856407888
33.7684284674		35.0227801122		-1.25435164479
20.9632792674		33.6831345146		-12.7198552472
7.82712586962		20.9622955816		-13.135169712
-0.157315391554		7.84977443012		-8.00708982167
-14.0216672181		-0.181369309393		-13.8402979087
-13.409651998		-13.9037236224		0.494071624463
-5.81212377366		-13.2426591091		7.43053533549
-0.108211686821		-5.83338559863		5.72517391181
15.3158624195		-0.0675318212092		15.3833942407
32.4656066991		15.3191121275		17.1464945716
34.8727418579		32.4007925842		2.47194927371
41.5765403498		34.9691197035		6.60742064622
34.2051724551		41.1531151284		-6.94794267328
14.7102621968		34.1737150226		-19.4634528258
-2.01324416988		14.7144793958		-16.7277235657
-12.2112143829		-1.99558276684		-10.215631616
-22.832528946		-12.213167518		-10.619361428
-29.4567885494		-22.8061226775		-6.65066587187
-16.8226464632		-29.2156778234		12.3930313603
-4.40031429322		-16.823321187		12.4230068937
18.5068705925		-4.3839931551		22.8908637476
35.5927488604		18.4996424823		17.0931063781
49.365675653		35.5858174514		13.7798582016
53.2578394762		49.3083291438		3.94951033241
54.943175283		53.1229966869		1.8201785961
30.8999114943		54.8717595758		-23.9718480816
8.80357331281		30.901739485		-22.0981661722
-5.67913185097		8.81479170054		-14.4939235515
-33.1094132823		-5.69341821407		-27.4159950683
-41.7197782002		-33.082850075		-8.63692812522
-39.8646050474		-41.4649617522		1.60035670485
-27.0558077015		-39.7787030253		12.7228953238
-4.28970445325		-27.0404725242		22.750768071
15.6305383596		-4.29282350558		19.9233618652
43.1979946138		15.6372624412		27.5607321726
59.3335862301		43.1862907448		16.1472954853
68.3271013684		59.3115589339		9.0155424345
58.7129150046		68.0057269159		-9.29281191126
45.2841799505		58.6986770049		-13.4144970544
19.1312617335		45.2684776304		-26.1372158969
-6.06949267294		19.1319837529		-25.2014764259
-31.4986967359		-6.06967091181		-25.4290258241
-40.9470298427		-31.474140475		-9.47288936777
-39.8726330176		-40.7504022729		0.87776925529
-30.3776841277		-39.7482032846		9.37051915686
-16.869727685		-30.3626682454		13.4929405603
6.43084278601		-16.8556054139		23.2864482
36.1192854893		6.4353708842		29.6839146051
48.0132232287		36.0998871543		11.9133360744
58.3103607612		48.0067491948		10.3036115664
50.6038947041		57.99658566		-7.39269095582
36.3268605287		50.5774891213		-14.2506285926
18.0228697931		36.3193118392		-18.296442046
-2.26755837059		18.0202049445		-20.2877633151
-21.2521743224		-2.26586591469		-18.9863084077
-29.1498029501		-21.2231366884		-7.92666626168
-25.2780247988		-28.7724601561		3.49443535729
-15.5739478296		-25.2184027694		9.64445493988
-1.56783710617		-15.5588089431		13.9909718369
11.2965114723		-1.57099788538		12.8675093577
23.5216775862		11.2944810967		12.2271964894
38.0021817987		23.5279872095		14.4741945891
42.581453669		37.952169664		4.62928400501
27.5444126688		42.4163550867		-14.8719424179
22.3050944081		27.588633283		-5.2835388749
0.494674191525		22.2648352829		-21.7701610914
-8.13917730181		0.521436044889		-8.6606133467
-10.8968693809		-8.05599095443		-2.84087842647
-16.2542183162		-10.9732101684		-5.28100814782
-6.89770494689		-15.9204163497		9.02271140285
1.11435293658		-6.90660067873		8.0209536153
18.3611158136		1.14206669796		17.2190491157
31.6106719249		18.3525688506		13.2581030744
40.7531270762		31.5944711398		9.15865593638
32.2724134881		40.4141002195		-8.14168673146
26.9463478927		32.3049449525		-5.35859705983
8.14992267396		26.9044088547		-18.7544861807
-7.0682391843		8.15608539889		-15.2243245832
-18.5375555099		-7.05778078396		-11.4797747259
-27.0075484563		-18.5225804085		-8.48496804785
-24.4050032523		-26.7134336112		2.30843035886
-13.0564901323		-24.325541172		11.2690510396
-3.02297292028		-13.0622353875		10.0392624672
26.1730124566		-2.99990442445		29.172916881
44.2926624149		26.1632949426		18.1293674723
51.7004587378		44.2616089935		7.43884974429
51.4853351621		51.4860432083		-0.00070804617463
52.6359139823		51.9405692941		0.69534468821
28.2743481879		52.5683953168		-24.2940471289
12.7297948891		28.285244072		-15.5554491829
-19.9322720099		12.715657227		-32.6479292369
-33.8220459956		-19.915837812		-13.9062081836
-44.7139086108		-33.8123302663		-10.9015783444
-35.608989556		-44.4208802514		8.81189069538
-28.1644881241		-35.6210740075		7.45658588345
-2.04145136642		-28.1344359911		26.0929846247
20.6920271221		-2.04428688103		22.7363140032
45.1363091053		20.6935637374		24.4427453678
56.6827385847		45.1172122496		11.5655263351
61.082109072		56.6300501852		4.45205888677
51.957517375		60.7573790179		-8.79986164285
34.1887576008		51.9344095556		-17.7456519549
9.39886580863		34.181074454		-24.7822086453
-9.51192714863		9.40498581823		-18.9169129669
-32.8192628205		-9.51684274494		-23.3024200756
-40.2734399059		-32.7884813295		-7.48495857636
-43.3698312618		-40.1993559959		-3.17047526588
-31.1340666937		-43.1804126502		12.0463459565
-6.989339734		-31.1166916786		24.1273519447
20.2370194111		-6.98700706738		27.2240264785
38.1910791684		20.2280603594		17.963018809
55.1264405473		38.1894059036		16.9370346437
60.1981715123		55.0817755642		5.11639594807
46.6038921912		60.00041092		-13.3965187288
31.6992658234		46.6006677532		-14.9014019298
18.1253208865		31.7025449014		-13.5772240149
-4.2309555352		18.1119808785		-22.3429364137
-23.4739449409		-4.22736410236		-19.2465808386
-30.6937326856		-23.4418172881		-7.25191539743
-29.5440814124		-30.4156584936		0.871577081236
-17.0932542245		-29.4447501535		12.351495929
2.65690003122		-17.0794122195		19.7363122507
14.846122145		2.64234829887		12.2037738461
33.0271104133		14.8589481294		18.1681622839
39.2080058378		32.9896979326		6.21830790516
40.9692671012		39.0809846134		1.88828248776
33.5988457974		40.6610691355		-7.06222333806
20.0820890995		33.5714597801		-13.4893706806
1.36216538459		20.0721615502		-18.7099961656
-5.24939640412		1.39723388021		-6.64663028433
-14.6578220723		-5.27097319146		-9.38684888088
-11.9724045817		-14.4003762222		2.42797164051
-6.28079077653		-11.8902535466		5.60946277011
13.1871722798		-6.24121874143		19.4283910212
25.5433316327		13.1733580437		12.369973589
29.4666376601		25.4849172685		3.9817203916
40.0827097309		29.5257807439		10.556928987
38.954523397		39.9099947708		-0.955471373765
25.7694003564		38.859334825		-13.0899344686
5.20098631577		25.7566427444		-20.5556564286
-6.63427818437		5.21722767503		-11.8515058594
-19.9507065345		-6.63895550252		-13.311751032
-23.7281471902		-19.8915557295		-3.83659146072
-19.4451696448		-22.9924507532		3.54728110846
-7.86656762842		-19.3909938974		11.524426269
4.03593324773		-7.8653927988		11.9013260465
30.8408311557		4.05488954498		26.7859416107
40.7095032194		30.8173178072		9.89218541222
50.2510667537		40.7077669419		9.54329981178
54.0952078192		50.1910930318		3.90411478736
40.9816511062		53.9086304437		-12.9269793375
22.50087285		40.9709997898		-18.4701269398
0.253588932667		22.4963444499		-22.2427555172
-15.7291826806		0.262085384096		-15.9912680647
-35.1883722626		-15.7347000989		-19.4536721637
-42.2740797531		-35.155623711		-7.11845604217
-38.8570413542		-41.8558798919		2.99883853769
-21.7341792898		-38.8004646391		17.0662853493
0.6390698762		-21.7274871973		22.3665570735
23.7360202206		0.639769877564		23.096250343
45.9600008689		23.7351703011		22.2248305679
65.6623456904		45.95713527		19.7052104204
67.6967651825		65.6010560572		2.09570912528
55.0829812591		67.5370649515		-12.4540836924
38.0533838043		55.0730046107		-17.0196208064
7.50602071459		38.0417530034		-30.5357322888
-12.1785692468		7.51449870396		-19.6930679507
-31.201848299		-12.1776865838		-19.0241617152
-40.2306702784		-31.1774780166		-9.0531922618
-43.0110152396		-40.1487074052		-2.86230783439
-24.1387038588		-42.9067230295		18.7680191707
-2.61028008377		-24.135453939		21.5251738552
23.1514481446		-2.6065042787		25.7579524233
42.3923919151		23.1450533818		19.2473385332
51.8324095948		42.369455496		9.46295409887
54.9041037025		51.7575152118		3.14658849068
46.6664170624		54.5778159232		-7.91139886078
35.2793301866		46.6502013449		-11.3708711584
6.83836616564		35.2590667726		-28.4207006069
-4.6916228405		6.85834364225		-11.5499664827
-23.5596711187		-4.70720275439		-18.8524683643
-27.6740208246		-23.5105533426		-4.16346748204
-20.4537245722		-27.2419913849		6.78826681261
-9.89210702149		-20.4328359571		10.5407289357
7.44972505639		-9.87502680945		17.3247518658
20.6087981066		7.44078884543		13.1680092612
33.9679179896		20.6093670454		13.3585509442
40.3183047626		33.9332931775		6.38501158515
35.2282420761		39.8122735436		-4.58403146759
30.7497351782		35.2415828521		-4.49184767393
17.0808720061		30.6983179019		-13.6174458958
-4.82398108857		17.0680841927		-21.8920652813
-15.1339114518		-4.802560703		-10.3313507488
-14.3989653747		-14.9669990927		0.568033718001
-12.6458175679		-14.0874071677		1.44158959976
0.0149929285202		-12.5576467773		12.5726397058
13.7466387394		0.0180658736812		13.7285728657
23.7401241099		13.7334655295		10.0066585804
38.5686651713		23.7556229316		14.8130422397
35.9841248236		38.4299085282		-2.44578370462
30.4565524326		35.8984389514		-5.44188651883
19.1933270525		30.4173874223		-11.2240603698
1.00039302095		19.1776431642		-18.1772501433
-8.59093089922		1.02198808141		-9.61291898064
-18.2050256972		-8.59105436938		-9.61397132777
-28.1002273476		-18.2065027232		-9.8937246244
-18.0118958113		-27.800064249		9.78816843774
-12.3966432096		-18.0472181395		5.65057492986
10.1498134704		-12.3585372062		22.5083506765
26.4984045762		10.1416884747		16.3567161016
49.3870982236		26.50682266		22.8802755636
55.9914249843		49.3531098565		6.63831512777
49.3439465539		55.5386708833		-6.19472432938
45.9015045189		49.4048610973		-3.50335657841
16.2126008148		45.861956216		-29.6493554012
-3.32533299193		16.220861598		-19.5461945899
-27.7594082188		-3.33037658712		-24.4290316317
-42.14218365		-27.7463581766		-14.3958254734
-44.4805931175		-42.0687320053		-2.41186111218
-37.758962069		-44.0915337408		6.33257167182
-16.9975338846		-37.7247613641		20.7272274796
11.904975572		-16.9909911825		28.8959667545
33.1004780234		11.8988821373		21.201595886
53.2799158266		33.0992911913		20.1806246354
59.2234531024		53.241951575		5.98150152738
63.642443133		59.195261655		4.44718147798
53.423936634		63.3637747597		-9.93983812566
30.7233444421		53.401953414		-22.6786089719
-0.092364306837		30.7177205558		-30.8100848626
-25.5016826276		-0.0889544070737		-25.4127282205
-39.2284192763		-25.4868675921		-13.7415516842
-43.1138282371		-39.170946901		-3.94288133618
-32.6633213586		-42.8569275407		10.193606182
-19.4688811235		-32.6535493987		13.1846682752
6.58381466264		-19.4527624592		26.0365771218
24.770322506		6.57585990956		18.1944625964
48.0747889521		24.7762384274		23.2985505247
54.7972128505		48.0414001219		6.75581272859
50.4024567994		54.3202369361		-3.91778013665
47.8053359862		50.4744147293		-2.66907874309
23.5352917823		47.7559905442		-24.2206987619
1.99629278022		23.5378915958		-21.5415988156
-12.6379666529		2.00671977834		-14.6446864313
-22.9760858204		-12.624323174		-10.3517626464
-27.1498348439		-22.9208645724		-4.22897027153
-18.5806757335		-26.8028381952		8.2221624617
-4.86082294519		-18.5603028975		13.6994799523
9.68486446177		-4.85875620949		14.5436206713
23.5147897162		9.68308693508		13.8317027811
36.1855689093		23.5114907608		12.6740781485
34.1384721132		36.0265151297		-1.88804301651
31.5282459507		34.0868002456		-2.55855429493
22.778089013		31.4415388		-8.66344978705
11.6283532254		22.7660285568		-11.1376753314
-1.6980653558		11.621105606		-13.3191709618
-9.31477523734		-1.67265960268		-7.64211563467
-14.4398032522		-9.28446674699		-5.15533650519
-5.92913523547		-14.068460567		8.13932533151
2.25467313648		-5.9314804912		8.18615362767
18.7510756225		2.28097274344		16.4701028791
32.5762886271		18.7452798947		13.8310087324
37.502379133		32.5292045075		4.97317462556
42.165202509		37.4966540909		4.66854841813
26.5445267826		42.0074859879		-15.4629592053
18.407691208		26.5701964313		-8.1625052233
5.85346892442		18.3873638282		-12.5338949038
-17.7469791295		5.83707783746		-23.5840569669
-27.8050211841		-17.7242955303		-10.0807256539
-29.1632948071		-27.6931708762		-1.47012393085
-14.5731102367		-29.0405519999		14.4674417631
-8.87700282664		-14.6137315644		5.73672873772
12.9763537352		-8.83880565285		21.815159388
31.3135329161		12.972011168		18.3415217481
49.4387449495		31.3132140536		18.1255308958
55.135524647		49.3985869024		5.7369377446
49.9724437365		54.5870056331		-4.61456189662
40.3006328623		49.9326930166		-9.63206015431
15.9436006554		40.2767514909		-24.3331508355
-9.46348254669		15.9427527579		-25.4062353046
-32.6624241935		-9.4616145417		-23.2008096518
-40.4727237729		-32.6328451507		-7.83987862212
-37.2078226305		-40.112831657		2.90500902656
-30.6750671603		-37.142172547		6.46710538663
-8.0337889905		-30.6407066761		22.6069176856
13.4957014383		-8.03492842735		21.5306298657
41.9079267905		13.5011857643		28.4067410262
56.8060918549		41.8939707892		14.9121210657
61.1049204814		56.7538749295		4.35104555188
62.5347460585		60.9435646985		1.59118136005
47.371377011		62.4163873578		-15.0450103468
23.7236951905		47.3602885236		-23.6365933331
-0.473134125219		23.7232154176		-24.1963495429
-28.6517826319		-0.476031599831		-28.1757510321
-36.8113411496		-28.6242470659		-8.18709408366
-38.0004524048		-36.6767678771		-1.32368452765
-35.887425947		-36.8997398338		1.01231388679
-16.3653086579		-35.8262453455		19.4609366877
12.5831972935		-16.3573840606		28.9405813541
33.492168718		12.5767844241		20.9153842939
45.7803236723		33.4768676034		12.3034560689
55.1719361739		45.7680711871		9.40386498673
50.2509668464		54.8476451454		-4.59667829894
43.5904592548		50.2252224682		-6.63476321346
20.5052186749		43.5567582827		-23.0515396078
-3.36650596924		20.5045053633		-23.8710113326
-19.608918998		-3.35713649389		-16.2517825041
-20.9208554627		-19.5308433009		-1.39001216182
-25.7170689257		-21.0893561931		-4.62771273252
-19.004515641		-25.2357614445		6.23124580348
-2.64027987765		-18.970264909		16.3299850314
12.5183762842		-2.64270515881		15.161081443
24.8123114756		12.5108014679		12.3015100077
41.2837578286		24.8223383321		16.4614194964
41.841322376		41.1987487806		0.642573595406
32.0921574894		41.6693932201		-9.57723573068
19.1487691409		32.0798329789		-12.931063838
5.5481035524		19.1469038123		-13.5988002599
-9.29004339338		5.54504531127		-14.8350887047
-16.2345915556		-9.25816651473		-6.97642504089
-14.7528229234		-15.9196453669		1.16682244352
-11.4606774439		-14.6012174929		3.14054004898
5.28195104553		-11.4024120736		16.6843631191
20.2292747999		5.27837946347		14.9508953364
30.7958257249		20.2159463129		10.5798794119
34.0770276886		30.7262600361		3.35076765251
36.9155270744		34.0534270001		2.86210007432
23.3831487117		36.7547873685		-13.3716386568
18.1432563246		23.4273376047		-5.28408128005
-1.04255853131		18.1010882606		-19.1436467919
-15.9904549808		-1.03532101166		-14.9551339691
-28.8199986318		-15.9849747009		-12.8350239308
-24.4969221857		-28.6187131543		4.12179096859
-17.7238711202		-24.4577617014		6.73389058126
-3.70117264503		-17.6916491996		13.9904765546
22.1836344858		-3.68670235493		25.8703368407
36.8219501512		22.1702798651		14.6516702861
51.0017197764		36.8208459555		14.1808738209
58.1520914453		50.9718991741		7.18019227121
45.8606257846		57.8969925102		-12.0363667256
30.5573147046		45.8527464821		-15.2954317775
6.51669813714		30.5462083707		-24.0295102336
-14.8149532111		6.51932681101		-21.3342800221
-29.1948715386		-14.8041872237		-14.3906843149
-39.0305298842		-29.179552369		-9.85097751523
-36.5801501437		-38.796193014		2.21604287027
-27.6774169568		-36.489762562		8.81234560519
-5.45635004687		-27.6515011867		22.1951511398
23.7379214978		-5.4511065343		29.1890280321
43.4509601701		23.7300918817		19.7208682884
55.4620439022		43.4359494409		12.0260944612
66.2457985089		55.4573243745		10.7884741344
58.9587919567		65.947300785		-6.98850882823
45.1027302891		58.9303183417		-13.8275880526
15.2445538974		45.0866984393		-29.8421445419
-13.0163916132		15.2454993729		-28.2618909861
-27.1567168357		-13.001243429		-14.1554734067
-42.8389679726		-27.1601811427		-15.6787868299
-43.1983870274		-42.7476514513		-0.450735576133
-28.1970088393		-43.0935488844		14.896540045
-7.35170260958		-28.1879929962		20.8362903866
9.14239115819		-7.35791622268		16.5003073809
40.4631222368		9.15495858731		31.3081636495
47.6928045732		40.4344354828		7.2583690904
57.6550484781		47.7111407566		9.94390772158
52.678733453		57.3540084646		-4.67527501159
33.654985923		52.6349569654		-18.9799710424
13.8901214871		33.6540008795		-19.7638793924
-1.69452756197		13.8967809943		-15.5913085562
-16.344264771		-1.6924827191		-14.6517820519
-28.9779028799		-16.3388577767		-12.6390451032
-24.903008555		-28.7769710357		3.87396248066
-13.527430589		-24.8460795409		11.318648952
-2.76901770711		-13.5299494218		10.7609317147
19.4690779444		-2.74874806762		22.217826012
26.8773191476		19.4379297729		7.43938937469
34.6763135734		26.880697745		7.79561582839
38.5889441946		34.6216517997		3.96729239491
29.3809802624		38.2817562463		-8.90077598384
13.7031425783		29.3605465939		-15.6574040156
3.84916209176		13.7207060196		-9.87154392785
-8.02011634765		3.840645317		-11.8607616647
-11.957222833		-7.96153632625		-3.99568650679
-13.9976989151		-11.8545095092		-2.14318940587
-8.85328402333		-13.4623517767		4.60906775336
9.2065775548		-8.80980069912		18.0163782539
23.0484894555		9.1983365834		13.8501528721
29.8080733848		23.016380351		6.79169303375
39.5841967395		29.8298957753		9.75430096427
33.8517521686		39.262853002		-5.4111008334
26.4305544126		33.8323377464		-7.40178333378
7.39842178565		26.3993722569		-19.0009504713
-7.77824273955		7.40498318624		-15.1832259258
-22.6610345213		-7.77759229058		-14.8834422307
-25.8519686049		-22.5982132502		-3.25375535469
-23.3559571937		-24.8421559281		1.48619873445
-8.36166893906		-23.2861304307		14.9244614916
6.56477358188		-8.36182050702		14.9265940889
20.2174878186		6.56165669881		13.6558311198
42.783067698		20.2308080531		22.5522596449
53.3782909228		42.7622025495		10.6160883733
58.3755573765		53.3341380265		5.04141934998
43.7719326319		58.1976481473		-14.4257155153
29.2268241073		43.7720703739		-14.5452462666
6.08866598987		29.2149276664		-23.1262616765
-21.208746805		6.08540320657		-27.2941500115
-38.3371724367		-21.1986189599		-17.1385534768
-38.4559869265		-38.2508094138		-0.205177512695
-34.4787817482		-38.0559779303		3.57719618212
-27.3333390092		-34.4289114924		7.09557248324
-0.0276013562454		-27.3028476918		27.2752463355
23.9109070126		-0.0301622282041		23.9410692408
47.9784665983		23.9110190076		24.0674475907
63.5398246075		47.9677976359		15.5720269716
62.8923836867		63.4352517035		-0.542868016754
49.9394637111		62.7878540355		-12.8483903244
36.3617109137		49.9376886348		-13.5759777211
7.93478089279		36.3455519976		-28.4107711048
-11.2218051506		7.94286724368		-19.1646723943
-28.787045611		-11.2194464426		-17.5675991684
-40.5212799109		-28.7736378054		-11.7476421054
-37.6922228617		-40.3271009671		2.63487810534
-23.7285832829		-37.6233465216		13.8947632387
-8.3176682704		-23.7252314116		15.4075631412
20.3285818896		-8.30442913011		28.6330110197
38.0750255669		20.3186362842		17.7563892827
55.5125146181		38.0745264242		17.437988194
56.7158347715		55.4379312012		1.27790357022
51.0373397247		56.3315223594		-5.29418263467
28.7725683246		50.9993208123		-22.2267524877
14.3344207416		28.7840147488		-14.4495940072
-2.53195010608		14.3294749659		-16.861425072
-22.1050619873		-2.53601954259		-19.5690424447
-26.0848018627		-22.0560098685		-4.0287919942
-25.7416266697		-25.6403730248		-0.101253644943
-14.5601264053		-25.6155810016		11.0554545963
3.9948342901		-14.5437841493		18.5386184394
16.8933078779		3.98352113272		12.9097867452
30.7372152751		16.895950774		13.8412645011
39.3218049579		30.7166813973		8.60512356066
36.634803661		39.0295341192		-2.39473045818
25.478706578		36.5562187144		-11.0775121365
17.6538886962		25.4970116036		-7.84312290741
2.74719747773		17.6273369392		-14.8801394615
-13.4034724621		2.74461948521		-16.1480919473
-14.2177145631		-13.3197149595		-0.897999603611
-14.4449613889		-14.0220494714		-0.422911917524
-6.99317827074		-14.2312089664		7.23803069563
13.5928655854		-6.9620405095		20.5549060949
26.2859897014		13.5788743844		12.707115317
38.194210842		26.2833968303		11.9108140117
34.4091031155		37.9822512479		-3.5731481324
31.4874935252		34.447286837		-2.95979331178
19.420957311		31.4150645084		-11.9941071973
9.24385681683		19.4285764741		-10.1847196573
-12.4439066874		9.22212904663		-21.666035734
-17.8126961884		-12.4041443989		-5.40855178953
-30.1349520162		-17.8549549425		-12.2799970738
-23.1156209762		-29.8818230256		6.76620204942
-5.05384242311		-23.0826440386		18.0288016154
6.21520088838		-5.06935666213		11.2845575505
27.1004680816		6.23326421268		20.8672038689
46.1437074099		27.098158932		19.0455484779
50.6734873641		46.0973311765		4.57615618757
51.3385108823		50.431673819		0.906837063217
37.9104826779		51.215480644		-13.3049979661
23.4893517831		37.9079228196		-14.4185710365
-2.45911803926		23.4755795563		-25.9346975956
-20.4508301771		-2.45096496751		-17.9998652096
-35.0233231954		-20.4444050329		-14.5789181625
-38.7459702485		-34.965295161		-3.78067508751
-36.813168791		-37.9301774014		1.11700861037
-17.3762722073		-36.7505193697		19.3742471624
8.90714114371		-17.3697702046		26.2769113483
36.3446526145		8.90794082873		27.4367117857
49.6979213471		36.3283703443		13.3695510028
61.9073537198		49.6944227764		12.2129309434
63.8252209834		61.8197234337		2.00549754968
53.5790772316		63.6202347427		-10.0411575111
32.2378083611		53.5577157754		-21.3199074143
1.37333792367		32.2308966462		-30.8575587225
-21.299613408		1.3790094983		-22.6786229063
-37.3994175766		-21.2909515868		-16.1084659898
-46.8790125845		-37.3796236956		-9.49938888892
-34.4264050145		-46.6197349817		12.1933299672
-20.6521709058		-34.4225654736		13.7703945678
-3.62024731941		-20.6453310213		17.0250837019
21.4775920412		-3.61126824655		25.0888602877
47.5764515137		21.4783557601		26.0980957536
50.6950299125		47.5318161653		3.16321374718
59.792317054		50.7692339747		9.02308307929
49.5312003589		59.4856988934		-9.95449853452
23.2490993428		49.5086509017		-26.2595515589
10.2908596193		23.2657647995		-12.9749051802
-7.78911476172		10.2803223151		-18.0694370768
-25.3932209661		-7.788367381		-17.6048535851
-30.0693800691		-25.3463908287		-4.72298924034
-26.63243617		-29.3782111007		2.74577493073
-12.0019071332		-26.571634352		14.5697272188
11.3750596332		-11.9900077829		23.3650674161
21.8456768742		11.3535702457		10.4921066285
30.6764371529		21.8368944249		8.83954272794
37.6190235194		30.6613309679		6.95769255158
36.0055968461		37.2949427314		-1.28934588527
21.1242058123		35.9253693759		-14.8011635636
10.1807539275		21.1359242714		-10.9551703439
-7.59757318081		10.1644903364		-17.7620635172
-8.58242185692		-7.52227686328		-1.06014499364
-15.0282909448		-8.75004970658		-6.27824123827
-12.6148089172		-14.6106220743		1.9958131571
-0.527207270398		-12.5346845608		12.0074772904
18.6200284855		-0.512977405949		19.1330058914
29.1241410212		18.6009087236		10.5232322976
33.2169038745		29.0675962094		4.14930766514
34.7338511086		33.0639477731		1.66990333548
36.391983189		34.7618423899		1.63014079908
21.6076904205		36.2666664541		-14.6589760336
-1.06302818498		21.5966109436		-22.6596391286
-17.7947095197		-1.05543499625		-16.7392745234
-27.7926889298		-17.7762506289		-10.0164383009
-31.1829234608		-27.7244969746		-3.45842648623
-20.701496576		-30.9404670137		10.2389704377
-4.68468659542		-20.685955824		16.0012692286
10.0805024979		-4.68732699638		14.7678294943
29.915648687		10.0889121207		19.8267365663
54.0505063244		29.9200824677		24.1304238567
54.4609215851		53.9904510442		0.470470540925
53.6795641253		54.0636640116		-0.384099886328
42.0116886937		53.5676140631		-11.5559253694
18.8915027203		41.9934223923		-23.1019196721
-5.80357532898		18.8901255404		-24.6937008694
-29.9635436292		-5.80312695889		-24.1604166703
-36.5843582223		-29.9301356293		-6.65422259298
-38.1016954076		-36.4481044242		-1.65359098344
-32.2011294093		-37.7066475916		5.5055181823
-14.2992222052		-32.1620732521		17.8628510469
10.7996012745		-14.2915098244		25.091111099
39.8664141562		10.8023013544		29.0641128018
59.9502160635		39.8590591143		20.0911569492
68.8418794192		59.9248178357		8.91706158359
58.6368163566		68.5320855689		-9.8952692123
47.9819129034		58.6347491023		-10.6528361989
23.1647675039		47.9605379125		-24.7957704085
-3.79756334689		23.1631681996		-26.9607315464
-28.7586714771		-3.79607951899		-24.9625919581
-39.8750711137		-28.7383932992		-11.1366778145
-43.4320207126		-39.8105584684		-3.62146224416
-32.7954882612		-43.1899601116		10.3944718504
-15.9145808298		-32.7792734625		16.8646926327
5.9193212536		-15.9080075728		21.8273288264
26.7855191986		5.91825994798		20.8672592506
50.1281441961		26.7880507317		23.3400934644
54.8399567585		50.0868686872		4.75308807127
56.0130095547		54.6575742598		1.35543529487
37.6194843785		55.9207495519		-18.3012651733
22.3131163051		37.6249058668		-15.3117895617
3.66277728205		22.3073348159		-18.6445575338
-10.1290899249		3.6719410546		-13.8010309795
-21.4707343018		-10.1213567903		-11.3493775115
-30.202174609		-21.4578507605		-8.74432384845
-23.7032744445		-29.8320809285		6.12880648397
-7.64785248684		-23.6678234483		16.0199709614
15.8943298008		-7.63841531938		23.5327451202
31.401846347		15.8839383391		15.5179080079
35.2662149658		31.3464631223		3.91975184348
37.8425787778		35.2049339589		2.63764481894
28.2226896718		37.596671982		-9.3739823102
18.2104771452		28.2206541168		-10.0101769716
3.88297208126		18.1960598958		-14.3130878145
-9.56777417444		3.88524380824		-13.4530179827
-17.1831163216		-9.542131414		-7.64098490757
-12.5625434594		-16.7674554881		4.20491202869
-3.76205744732		-12.5175857602		8.75552831286
2.0333682124		-3.78987554209		5.82324375449
18.6158831217		2.07335302521		16.5425300965
31.8108064729		18.6082750109		13.202531462
42.385238705		31.801567538		10.5836711671
35.6179240754		42.08295848		-6.46503440457
27.8732844285		35.6086566068		-7.73537217832
19.4518186802		27.8681078524		-8.41628917219
-0.925646209542		19.4245538445		-20.350200054
